# Dim mag, bright mag, blue color, red color
-17.2 -18.3 1.5 2.9
-18.3 -19.4 1.5 2.9
-19.4 -20.4 1.5 2.9
-20.4 -21.3 1.5 2.9
-17.2 -18.3 2.9 4.1
-18.3 -19.4 2.9 4.1
-19.4 -20.4 2.9 4.1
-20.4 -21.3 2.9 4.1
-21.3 -22.3 2.9 4.1
-22.3 -23.4 2.9 4.1
-17.2 -18.3 4.1 5
-18.3 -19.4 4.1 5
-19.4 -20.4 4.1 5
-20.4 -21.3 4.1 5
-21.3 -22.3 4.1 5
-22.3 -23.4 4.1 5
-18.3 -19.4 5 5.9
-19.4 -20.4 5 5.9
-20.4 -21.3 5 5.9
-21.3 -22.3 5 5.9
-22.3 -23.4 5 5.9
-17.2 -18.3 5.9 7.1
-18.3 -19.4 5.9 7.1
-19.4 -20.4 5.9 7.1
-20.4 -21.3 5.9 7.1
-21.3 -22.3 5.9 7.1
-22.3 -23.4 5.9 7.1
-18.3 -19.4 7.1 8.5
-19.4 -20.4 7.1 8.5
-20.4 -21.3 7.1 8.5
-21.3 -22.3 7.1 8.5
-22.3 -23.4 7.1 8.5